eval_loss = 0.2679140269756317
eval_acc = 0.9481236203090507
epoch = 9.988235294117647
total_flos = 760847677430400
