eval_loss = 0.18156440556049347
eval_acc = 0.9679911699779249
