eval_loss = 2.1125261783599854
eval_acc = 0.6371826371826372
epoch = 9.99672131147541
total_flos = 54630834831886500
