eval_loss = 0.37883201241493225
eval_acc = 0.9459161147902869
epoch = 9.988235294117647
total_flos = 951059596788000
