eval_loss = 0.28536325693130493
eval_acc = 0.9646799116997793
