Prediction results
eval_loss = 1.5601658821105957
eval_acc = 0.31015452538631344
