eval_loss = 0.3671559691429138
eval_acc = 0.9459161147902869
epoch = 9.988235294117647
total_flos = 8116574764636800
