eval_loss = 0.20790961384773254
eval_acc = 0.9690949227373068
